3.54081934561	[0.44312122190213271, 3.0976981237077692]	[1.0, 3.321928094887362, 0.25]	4	7
3.54081934561	[0.44312122190213271, 3.0976981237077692]	[1.0, 3.321928094887362, 0.3333333333333333]	6	8
2.13914925214	[0.44312122190213271, 1.6960280302341506]	[1.0, 2.095903274289385, 0.5]	1	3
2.13914925214	[0.44312122190213271, 1.6960280302341506]	[1.0, 2.095903274289385, 0.25]	1	4
2.13914925214	[0.44312122190213271, 1.6960280302341506]	[1.0, 2.095903274289385, 0.3333333333333333]	1	7
2.13914925214	[0.44312122190213271, 1.6960280302341506]	[1.0, 2.095903274289385, 0.3333333333333333]	3	4
2.13914925214	[0.44312122190213271, 1.6960280302341506]	[1.0, 2.095903274289385, 0.3333333333333333]	2	5
2.13914925214	[0.44312122190213271, 1.6960280302341506]	[1.0, 2.095903274289385, 0.25]	2	6
2.13914925214	[0.44312122190213271, 1.6960280302341506]	[1.0, 2.095903274289385, 0.25]	2	8
2.13914925214	[0.44312122190213271, 1.6960280302341506]	[1.0, 2.095903274289385, 0.5]	5	6
-1.40028564262	[-0.70014282130865024, -0.70014282130865024]	[0.0, 0.0, 0.0]	1	5
-1.40028564262	[-0.70014282130865024, -0.70014282130865024]	[0.0, 0.0, 0.0]	1	6
-1.40028564262	[-0.70014282130865024, -0.70014282130865024]	[0.0, 0.0, 0.0]	3	5
-1.40028564262	[-0.70014282130865024, -0.70014282130865024]	[0.0, 0.0, 0.0]	3	7
-1.40028564262	[-0.70014282130865024, -0.70014282130865024]	[0.0, 0.0, 0.0]	3	6
-1.40028564262	[-0.70014282130865024, -0.70014282130865024]	[0.0, 0.0, 0.0]	3	8
-1.40028564262	[-0.70014282130865024, -0.70014282130865024]	[0.0, 0.0, 0.0]	2	7
-1.40028564262	[-0.70014282130865024, -0.70014282130865024]	[0.0, 0.0, 0.0]	5	7
-1.40028564262	[-0.70014282130865024, -0.70014282130865024]	[0.0, 0.0, 0.0]	5	8
-1.40028564262	[-0.70014282130865024, -0.70014282130865024]	[0.0, 0.0, 0.0]	4	8
