1;0
1;1
2;0
2;2
3;0
3;3
4;0
4;4
5;0
5;5
6;1
6;0
7;1
7;2
8;1
8;4
9;1
9;5
10;1
10;15
11;2
11;0
12;2
12;11
13;2
13;12
14;2
14;13
15;2
15;14
16;3
16;63
17;3
17;64
18;3
18;65
19;3
19;66
20;3
20;67
21;4
21;7
22;4
22;16
23;4
23;17
24;4
24;18
25;4
25;19
26;5
26;6
27;5
27;7
28;5
28;8
29;5
29;9
30;5
30;10
31;6
31;5
32;6
32;7
33;6
33;8
34;6
34;9
35;6
35;20
36;7
36;5
37;7
37;8
38;7
38;9
39;7
39;30
40;7
40;290
41;8
41;13
42;8
42;21
43;8
43;22
44;8
44;23
45;8
45;24
46;10
46;5
47;10
47;7
48;10
48;137
49;10
49;138
50;10
50;139
51;11
51;6
52;11
52;9
53;11
53;20
54;11
54;25
55;11
55;26
56;12
56;260
57;12
57;261
58;12
58;262
59;12
59;263
60;12
60;264
61;13
61;20
62;13
62;21
63;13
63;23
64;13
64;140
65;13
65;141
66;14
66;13
67;14
67;21
68;14
68;27
69;14
69;28
70;14
70;29
71;15
71;68
72;15
72;69
73;15
73;70
74;15
74;71
75;15
75;72
76;16
76;4
77;16
77;7
78;16
78;19
79;16
79;73
80;16
80;75
81;17
81;6
82;17
82;7
83;17
83;8
84;17
84;30
85;17
85;31
86;18
86;32
87;18
87;33
88;18
88;34
89;18
89;35
90;18
90;36
91;19
91;4
92;19
92;16
93;19
93;73
94;19
94;74
95;19
95;75
96;20
96;6
97;20
97;7
98;20
98;8
99;20
99;23
100;20
100;30
101;21
101;13
102;21
102;23
103;21
103;28
104;21
104;77
105;21
105;164
106;22
106;8
107;22
107;23
108;22
108;37
109;22
109;38
110;22
110;39
111;23
111;8
112;23
112;13
113;23
113;20
114;23
114;111
115;23
115;142
116;24
116;40
117;24
117;41
118;24
118;42
119;24
119;43
120;24
120;44
121;25
121;11
122;25
122;45
123;25
123;46
124;25
124;47
125;26
125;11
126;26
126;265
127;26
127;266
128;26
128;267
129;26
129;268
130;27
130;13
131;27
131;21
132;27
132;76
133;27
133;77
134;27
134;78
135;28
135;20
136;28
136;79
137;28
137;80
138;28
138;81
139;28
139;82
140;29
140;143
141;29
141;144
142;29
142;145
143;29
143;146
144;29
144;147
145;30
145;8
146;30
146;9
147;30
147;48
148;30
148;49
149;30
149;50
150;31
150;9
151;31
151;17
152;31
152;83
153;31
153;84
154;31
154;85
155;32
155;18
156;32
156;51
157;32
157;148
158;32
158;149
159;32
159;150
160;33
160;56
161;33
161;93
162;33
162;94
163;33
163;95
164;33
164;151
165;34
165;18
166;34
166;32
167;34
167;51
168;34
168;52
169;34
169;53
170;35
170;18
171;35
171;33
172;35
172;54
173;35
173;55
174;35
174;56
175;36
175;18
176;36
176;152
177;36
177;153
178;36
178;154
179;36
179;155
180;37
180;8
181;37
181;22
182;37
182;23
183;37
183;97
184;37
184;269
185;38
185;22
186;38
186;270
187;38
187;271
188;38
188;272
189;38
189;273
190;39
190;22
191;39
191;37
192;39
192;38
193;39
193;86
194;39
194;87
195;40
195;8
196;40
196;24
197;40
197;41
198;40
198;42
199;40
199;43
200;41
200;24
201;41
201;40
202;41
202;42
203;41
203;43
204;41
204;44
205;42
205;8
206;42
206;24
207;42
207;40
208;42
208;41
209;42
209;43
210;43
210;24
211;43
211;40
212;43
212;41
213;43
213;42
214;43
214;44
215;44
215;24
216;44
216;40
217;44
217;41
218;44
218;42
219;44
219;43
220;45
220;11
221;45
221;25
222;45
222;46
223;45
223;59
224;45
224;88
225;46
225;11
226;46
226;25
227;46
227;45
228;46
228;59
229;46
229;88
230;47
230;11
231;47
231;25
232;47
232;57
233;47
233;58
234;47
234;59
235;48
235;30
236;48
236;49
237;48
237;156
238;48
238;157
239;48
239;158
240;49
240;30
241;49
241;48
242;49
242;156
243;49
243;157
244;49
244;158
245;50
245;9
246;50
246;30
247;50
247;49
248;50
248;89
249;50
249;90
250;51
250;18
251;51
251;32
252;51
252;34
253;51
253;154
254;51
254;274
255;52
255;34
256;52
256;275
257;52
257;276
258;52
258;277
259;52
259;278
260;53
260;35
261;53
261;54
262;53
262;60
263;53
263;61
264;53
264;62
265;54
265;35
266;54
266;53
267;54
267;60
268;54
268;84
269;54
269;159
270;55
270;35
271;55
271;53
272;55
272;54
273;55
273;91
274;55
274;92
275;56
275;33
276;56
276;93
277;56
277;94
278;56
278;95
279;56
279;96
280;57
280;11
281;57
281;25
282;57
282;47
283;57
283;59
284;57
284;88
285;58
285;11
286;58
286;25
287;58
287;45
288;58
288;47
289;58
289;59
290;59
290;11
291;59
291;25
292;59
292;45
293;59
293;46
294;59
294;88
295;60
295;53
296;60
296;54
297;60
297;159
298;60
298;160
299;60
299;161
300;61
300;35
301;61
301;53
302;61
302;159
303;61
303;162
304;61
304;163
305;62
305;35
306;62
306;53
307;62
307;54
308;62
308;60
309;62
309;159
310;63
310;30
311;63
311;64
312;63
312;97
313;63
313;98
314;63
314;99
315;64
315;63
316;64
316;66
317;64
317;98
318;64
318;279
319;64
319;280
320;65
320;63
321;65
321;66
322;65
322;99
323;65
323;100
324;65
324;101
325;66
325;63
326;66
326;64
327;66
327;65
328;66
328;418
329;66
329;419
330;67
330;30
331;67
331;63
332;67
332;98
333;67
333;118
334;67
334;281
335;69
335;15
336;69
336;72
337;69
337;105
338;69
338;106
339;69
339;420
340;70
340;15
341;70
341;71
342;70
342;102
343;70
343;103
344;70
344;421
345;71
345;15
346;71
346;70
347;71
347;102
348;71
348;103
349;71
349;104
350;72
350;15
351;72
351;69
352;72
352;105
353;72
353;106
354;72
354;107
355;73
355;4
356;73
356;16
357;73
357;19
358;73
358;74
359;73
359;108
360;74
360;4
361;74
361;16
362;74
362;19
363;74
363;73
364;74
364;282
365;75
365;4
366;75
366;16
367;75
367;19
368;75
368;109
369;75
369;110
370;76
370;121
371;76
371;283
372;76
372;284
373;76
373;285
374;76
374;286
375;77
375;28
376;77
376;422
377;77
377;423
378;77
378;424
379;77
379;425
380;78
380;20
381;78
381;23
382;78
382;111
383;78
383;112
384;78
384;113
385;79
385;13
386;79
386;28
387;79
387;81
388;79
388;82
389;79
389;164
390;80
390;8
391;80
391;28
392;80
392;82
393;80
393;97
394;80
394;426
395;81
395;28
396;81
396;285
397;81
397;287
398;81
398;288
399;81
399;289
400;82
400;80
401;82
401;290
402;82
402;291
403;82
403;292
404;82
404;293
405;83
405;17
406;83
406;31
407;83
407;165
408;83
408;166
409;83
409;167
410;84
410;18
411;84
411;31
412;84
412;54
413;84
413;427
414;84
414;428
415;85
415;17
416;85
416;31
417;85
417;168
418;85
418;169
419;85
419;170
420;86
420;22
421;86
421;38
422;86
422;39
423;86
423;87
424;86
424;171
425;87
425;37
426;87
426;39
427;87
427;86
428;87
428;114
429;87
429;115
430;88
430;11
431;88
431;25
432;88
432;45
433;88
433;46
434;88
434;59
435;89
435;30
436;89
436;49
437;89
437;50
438;89
438;90
439;89
439;294
440;90
440;48
441;90
441;50
442;90
442;89
443;90
443;172
444;90
444;173
445;91
445;35
446;91
446;55
447;91
447;92
448;91
448;295
449;91
449;296
450;92
450;35
451;92
451;55
452;92
452;91
453;92
453;295
454;92
454;296
455;93
455;33
456;93
456;56
457;93
457;94
458;93
458;95
459;93
459;297
460;95
460;33
461;95
461;56
462;95
462;93
463;95
463;94
464;95
464;429
465;96
465;33
466;96
466;56
467;96
467;94
468;96
468;95
469;96
469;174
470;97
470;8
471;97
471;63
472;97
472;100
473;97
473;116
474;97
474;117
475;98
475;8
476;98
476;30
477;98
477;63
478;98
478;118
479;98
479;119
480;99
480;8
481;99
481;63
482;99
482;175
483;99
483;176
484;99
484;177
485;100
485;63
486;100
486;97
487;100
487;99
488;100
488;307
489;100
489;430
490;101
490;63
491;101
491;65
492;101
492;99
493;101
493;100
494;101
494;298
495;102
495;70
496;102
496;71
497;102
497;103
498;102
498;178
499;102
499;179
500;103
500;14
501;103
501;28
502;103
502;70
503;103
503;120
504;103
504;121
505;104
505;71
506;104
506;102
507;104
507;178
508;104
508;179
509;104
509;299
510;105
510;15
511;105
511;69
512;105
512;72
513;105
513;106
514;105
514;122
515;106
515;69
516;106
516;72
517;106
517;105
518;106
518;122
519;106
519;134
520;107
520;15
521;107
521;72
522;107
522;105
523;107
523;300
524;107
524;301
525;108
525;123
526;108
526;124
527;108
527;125
528;108
528;126
529;108
529;127
530;109
530;4
531;109
531;16
532;109
532;19
533;109
533;75
534;109
534;180
535;110
535;4
536;110
536;75
537;110
537;109
538;110
538;180
539;110
539;431
540;111
540;20
541;111
541;78
542;111
542;112
543;111
543;181
544;111
544;182
545;112
545;8
546;112
546;20
547;112
547;111
548;112
548;182
549;112
549;183
550;113
550;78
551;113
551;111
552;113
552;128
553;113
553;129
554;113
554;130
555;114
555;115
556;114
556;432
557;114
557;433
558;114
558;434
559;114
559;435
560;115
560;8
561;115
561;37
562;115
562;114
563;115
563;302
564;115
564;303
565;116
565;33
566;116
566;56
567;116
567;93
568;116
568;97
569;116
569;436
570;117
570;97
571;117
571;100
572;117
572;131
573;117
573;132
574;117
574;133
575;118
575;9
576;118
576;30
577;118
577;67
578;118
578;98
579;118
579;119
580;119
580;98
581;119
581;118
582;119
582;184
583;119
583;185
584;119
584;186
585;120
585;68
586;120
586;103
587;120
587;437
588;120
588;438
589;120
589;439
590;121
590;284
591;121
591;285
592;121
592;304
593;121
593;305
594;121
594;306
595;122
595;69
596;122
596;72
597;122
597;105
598;122
598;106
599;122
599;134
600;123
600;7
601;123
601;108
602;123
602;124
603;123
603;125
604;123
604;127
605;124
605;123
606;124
606;125
607;124
607;126
608;124
608;127
609;124
609;135
610;125
610;123
611;125
611;124
612;125
612;127
613;125
613;135
614;125
614;136
615;126
615;124
616;126
616;125
617;126
617;127
618;126
618;135
619;126
619;440
620;127
620;124
621;127
621;125
622;127
622;126
623;127
623;135
624;127
624;136
625;128
625;78
626;128
626;113
627;128
627;129
628;128
628;130
629;128
629;187
630;129
630;78
631;129
631;113
632;129
632;128
633;129
633;130
634;129
634;188
635;130
635;78
636;130
636;113
637;130
637;128
638;130
638;129
639;130
639;441
640;131
640;99
641;131
641;100
642;131
642;117
643;131
643;307
644;131
644;308
645;132
645;117
646;132
646;133
647;132
647;189
648;132
648;190
649;132
649;191
650;133
650;189
651;133
651;190
652;133
652;192
653;133
653;193
654;133
654;194
655;134
655;72
656;134
656;105
657;134
657;106
658;134
658;122
659;134
659;195
660;135
660;125
661;135
661;127
662;135
662;136
663;135
663;196
664;135
664;197
665;136
665;124
666;136
666;125
667;136
667;126
668;136
668;127
669;136
669;135
670;137
670;7
671;137
671;10
672;137
672;138
673;137
673;139
674;137
674;160
675;139
675;5
676;139
676;7
677;139
677;9
678;139
678;10
679;139
679;137
680;140
680;13
681;140
681;141
682;140
682;198
683;140
683;199
684;140
684;200
685;141
685;13
686;141
686;23
687;141
687;140
688;141
688;198
689;141
689;442
690;142
690;20
691;142
691;23
692;142
692;201
693;142
693;202
694;142
694;203
695;143
695;29
696;143
696;144
697;143
697;145
698;143
698;146
699;143
699;147
700;144
700;29
701;144
701;143
702;144
702;145
703;144
703;146
704;144
704;147
705;145
705;29
706;145
706;143
707;145
707;147
708;145
708;309
709;145
709;310
710;146
710;29
711;146
711;143
712;146
712;147
713;146
713;443
714;146
714;444
715;147
715;603
716;147
716;604
717;147
717;605
718;147
718;606
719;147
719;607
720;148
720;18
721;148
721;302
722;148
722;303
723;148
723;445
724;148
724;446
725;149
725;608
726;149
726;609
727;149
727;610
728;149
728;611
729;149
729;612
730;150
730;99
731;150
731;204
732;150
732;205
733;150
733;206
734;150
734;207
735;151
735;93
736;151
736;429
737;151
737;447
738;151
738;448
739;151
739;449
740;152
740;18
741;152
741;34
742;152
742;35
743;152
743;36
744;152
744;311
745;153
745;18
746;153
746;36
747;153
747;155
748;153
748;208
749;153
749;209
750;154
750;5
751;154
751;6
752;154
752;7
753;154
753;20
754;154
754;210
755;155
755;18
756;155
756;36
757;155
757;154
758;155
758;613
759;155
759;614
760;156
760;30
761;156
761;48
762;156
762;49
763;156
763;367
764;156
764;615
765;157
765;30
766;157
766;48
767;157
767;49
768;157
768;211
769;157
769;212
770;158
770;48
771;158
771;450
772;158
772;451
773;158
773;452
774;158
774;453
775;159
775;34
776;159
776;35
777;159
777;54
778;159
778;60
779;159
779;160
780;160
780;7
781;160
781;60
782;160
782;161
783;160
783;312
784;160
784;313
785;161
785;60
786;161
786;160
787;161
787;312
788;161
788;314
789;161
789;315
790;162
790;35
791;162
791;53
792;162
792;61
793;162
793;163
794;162
794;616
795;163
795;53
796;163
796;54
797;163
797;60
798;163
798;61
799;163
799;162
800;164
800;8
801;164
801;228
802;164
802;454
803;164
803;455
804;164
804;456
805;165
805;83
806;165
806;166
807;165
807;167
808;165
808;617
809;165
809;618
810;166
810;83
811;166
811;165
812;166
812;167
813;166
813;617
814;166
814;619
815;167
815;54
816;167
816;165
817;167
817;166
818;167
818;457
819;167
819;458
820;168
820;9
821;168
821;17
822;168
822;31
823;168
823;85
824;168
824;169
825;169
825;17
826;169
826;31
827;169
827;85
828;169
828;168
829;169
829;459
830;170
830;213
831;170
831;214
832;170
832;215
833;170
833;216
834;170
834;217
835;171
835;22
836;171
836;38
837;171
837;39
838;171
838;86
839;171
839;87
840;172
840;48
841;172
841;90
842;172
842;173
843;172
843;460
844;172
844;461
845;173
845;172
846;173
846;316
847;173
847;317
848;173
848;318
849;173
849;319
850;174
850;33
851;174
851;56
852;174
852;94
853;174
853;95
854;174
854;96
855;175
855;63
856;175
856;99
857;175
857;100
858;175
858;177
859;175
859;307
860;176
860;6
861;176
861;8
862;176
862;99
863;176
863;462
864;176
864;463
865;177
865;63
866;177
866;99
867;177
867;100
868;177
868;175
869;177
869;218
870;178
870;15
871;178
871;102
872;178
872;104
873;178
873;179
874;178
874;299
875;179
875;71
876;179
876;102
877;179
877;104
878;179
878;178
879;179
879;299
880;180
880;4
881;180
881;19
882;180
882;75
883;180
883;109
884;180
884;110
885;181
885;78
886;181
886;111
887;181
887;112
888;181
888;201
889;181
889;319
890;182
890;8
891;182
891;20
892;182
892;111
893;182
893;112
894;182
894;183
895;183
895;13
896;183
896;21
897;183
897;23
898;183
898;78
899;183
899;81
900;184
900;98
901;184
901;118
902;184
902;119
903;184
903;185
904;184
904;320
905;185
905;98
906;185
906;118
907;185
907;119
908;185
908;184
909;185
909;320
910;186
910;98
911;186
911;149
912;186
912;464
913;186
913;465
914;186
914;466
915;187
915;78
916;187
916;113
917;187
917;128
918;187
918;321
919;187
919;322
920;188
920;219
921;188
921;220
922;188
922;221
923;188
923;222
924;188
924;223
925;189
925;132
926;189
926;133
927;189
927;190
928;189
928;620
929;189
929;621
930;190
930;133
931;190
931;189
932;190
932;467
933;190
933;468
934;190
934;469
935;191
935;194
936;191
936;469
937;191
937;470
938;191
938;622
939;191
939;623
940;192
940;133
941;192
941;193
942;192
942;224
943;192
943;225
944;192
944;226
945;193
945;8
946;193
946;97
947;193
947;133
948;193
948;192
949;193
949;224
950;194
950;93
951;194
951;297
952;194
952;470
953;194
953;471
954;194
954;472
955;195
955;624
956;195
956;625
957;195
957;626
958;195
958;627
959;195
959;628
960;196
960;14
961;196
961;28
962;196
962;449
963;196
963;629
964;196
964;630
965;197
965;227
966;197
966;228
967;197
967;229
968;197
968;230
969;197
969;231
970;198
970;13
971;198
971;140
972;198
972;141
973;198
973;199
974;198
974;232
975;199
975;13
976;199
976;140
977;199
977;141
978;199
978;198
979;199
979;232
980;200
980;631
981;200
981;632
982;200
982;633
983;200
983;634
984;200
984;635
985;201
985;23
986;201
986;78
987;201
987;111
988;201
988;181
989;201
989;636
990;202
990;20
991;202
991;23
992;202
992;142
993;202
993;637
994;202
994;638
995;203
995;141
996;203
996;142
997;203
997;202
998;203
998;269
999;203
999;473
1000;204
1000;150
1001;204
1001;234
1002;204
1002;247
1003;204
1003;346
1004;204
1004;491
1005;205
1005;150
1006;205
1006;206
1007;205
1007;207
1008;205
1008;639
1009;205
1009;640
1010;206
1010;150
1011;206
1011;205
1012;206
1012;207
1013;206
1013;233
1014;206
1014;234
1015;207
1015;205
1016;207
1016;206
1017;207
1017;346
1018;207
1018;641
1019;207
1019;642
1020;208
1020;18
1021;208
1021;36
1022;208
1022;153
1023;208
1023;155
1024;208
1024;209
1025;209
1025;18
1026;209
1026;36
1027;209
1027;153
1028;209
1028;155
1029;209
1029;208
1030;210
1030;7
1031;210
1031;8
1032;210
1032;20
1033;210
1033;481
1034;210
1034;608
1035;211
1035;48
1036;211
1036;157
1037;211
1037;212
1038;211
1038;643
1039;211
1039;644
1040;212
1040;112
1041;212
1041;645
1042;212
1042;646
1043;212
1043;647
1044;212
1044;648
1045;213
1045;17
1046;213
1046;161
1047;213
1047;170
1048;213
1048;314
1049;213
1049;474
1050;214
1050;170
1051;214
1051;216
1052;214
1052;649
1053;214
1053;650
1054;214
1054;651
1055;215
1055;170
1056;215
1056;323
1057;215
1057;324
1058;215
1058;325
1059;215
1059;326
1060;216
1060;170
1061;216
1061;217
1062;216
1062;475
1063;216
1063;476
1064;216
1064;477
1065;217
1065;216
1066;217
1066;327
1067;217
1067;328
1068;217
1068;329
1069;217
1069;330
1070;218
1070;99
1071;218
1071;175
1072;218
1072;177
1073;218
1073;652
1074;218
1074;653
1075;219
1075;121
1076;219
1076;188
1077;219
1077;220
1078;219
1078;237
1079;219
1079;478
1080;221
1080;222
1081;221
1081;235
1082;221
1082;236
1083;221
1083;237
1084;221
1084;249
1085;222
1085;219
1086;222
1086;221
1087;222
1087;235
1088;222
1088;236
1089;222
1089;237
1090;223
1090;112
1091;223
1091;220
1092;223
1092;238
1093;223
1093;239
1094;223
1094;240
1095;224
1095;33
1096;224
1096;56
1097;224
1097;93
1098;224
1098;193
1099;224
1099;331
1100;225
1100;192
1101;225
1101;193
1102;225
1102;654
1103;225
1103;655
1104;225
1104;656
1105;226
1105;8
1106;226
1106;241
1107;226
1107;242
1108;226
1108;243
1109;226
1109;244
1110;227
1110;380
1111;227
1111;657
1112;227
1112;658
1113;227
1113;659
1114;227
1114;660
1115;228
1115;8
1116;228
1116;290
1117;228
1117;334
1118;228
1118;455
1119;228
1119;479
1120;229
1120;197
1121;229
1121;227
1122;229
1122;332
1123;229
1123;333
1124;229
1124;334
1125;230
1125;333
1126;230
1126;335
1127;230
1127;336
1128;230
1128;337
1129;230
1129;338
1130;231
1130;480
1131;231
1131;481
1132;231
1132;482
1133;231
1133;483
1134;231
1134;484
1135;232
1135;13
1136;232
1136;23
1137;232
1137;140
1138;232
1138;198
1139;232
1139;245
1140;233
1140;206
1141;233
1141;234
1142;233
1142;248
1143;233
1143;661
1144;233
1144;662
1145;234
1145;204
1146;234
1146;206
1147;234
1147;246
1148;234
1148;247
1149;234
1149;248
1150;235
1150;76
1151;235
1151;78
1152;235
1152;121
1153;235
1153;222
1154;235
1154;237
1155;236
1155;221
1156;236
1156;222
1157;236
1157;235
1158;236
1158;237
1159;236
1159;249
1160;237
1160;28
1161;237
1161;76
1162;237
1162;78
1163;237
1163;81
1164;237
1164;222
1165;238
1165;339
1166;238
1166;340
1167;238
1167;341
1168;238
1168;342
1169;238
1169;343
1170;239
1170;223
1171;239
1171;238
1172;239
1172;240
1173;239
1173;339
1174;239
1174;485
1175;240
1175;223
1176;240
1176;238
1177;240
1177;249
1178;240
1178;485
1179;240
1179;663
1180;242
1180;226
1181;242
1181;241
1182;242
1182;244
1183;242
1183;486
1184;242
1184;487
1185;243
1185;33
1186;243
1186;93
1187;243
1187;488
1188;243
1188;489
1189;243
1189;490
1190;244
1190;241
1191;244
1191;250
1192;244
1192;251
1193;244
1193;252
1194;244
1194;253
1195;245
1195;198
1196;245
1196;232
1197;245
1197;254
1198;245
1198;255
1199;245
1199;256
1200;246
1200;204
1201;246
1201;234
1202;246
1202;248
1203;246
1203;491
1204;246
1204;492
1205;247
1205;150
1206;247
1206;204
1207;247
1207;234
1208;247
1208;257
1209;247
1209;258
1210;248
1210;108
1211;248
1211;234
1212;248
1212;344
1213;248
1213;345
1214;248
1214;346
1215;249
1215;220
1216;249
1216;223
1217;249
1217;238
1218;249
1218;343
1219;249
1219;493
1220;250
1220;241
1221;250
1221;244
1222;250
1222;251
1223;250
1223;252
1224;250
1224;494
1225;251
1225;241
1226;251
1226;244
1227;251
1227;250
1228;251
1228;252
1229;251
1229;347
1230;252
1230;241
1231;252
1231;244
1232;252
1232;251
1233;252
1233;347
1234;252
1234;664
1235;253
1235;241
1236;253
1236;244
1237;253
1237;251
1238;253
1238;252
1239;253
1239;347
1240;254
1240;13
1241;254
1241;232
1242;254
1242;245
1243;254
1243;256
1244;254
1244;259
1245;255
1245;198
1246;255
1246;199
1247;255
1247;232
1248;255
1248;254
1249;255
1249;348
1250;256
1250;199
1251;256
1251;232
1252;256
1252;254
1253;256
1253;259
1254;256
1254;348
1255;257
1255;150
1256;257
1256;204
1257;257
1257;247
1258;257
1258;258
1259;257
1259;495
1260;258
1260;419
1261;258
1261;496
1262;258
1262;497
1263;258
1263;498
1264;258
1264;499
1265;259
1265;232
1266;259
1266;254
1267;259
1267;255
1268;259
1268;256
1269;259
1269;348
1270;260
1270;12
1271;260
1271;261
1272;260
1272;262
1273;260
1273;263
1274;260
1274;665
1275;261
1275;12
1276;261
1276;260
1277;261
1277;262
1278;261
1278;264
1279;261
1279;666
1280;262
1280;12
1281;262
1281;260
1282;262
1282;264
1283;262
1283;665
1284;262
1284;666
1285;263
1285;12
1286;263
1286;260
1287;263
1287;262
1288;263
1288;665
1289;263
1289;666
1290;264
1290;12
1291;264
1291;262
1292;264
1292;263
1293;264
1293;665
1294;264
1294;666
1295;265
1295;11
1296;265
1296;26
1297;265
1297;349
1298;265
1298;500
1299;265
1299;501
1300;266
1300;11
1301;266
1301;26
1302;266
1302;267
1303;266
1303;268
1304;266
1304;502
1305;267
1305;11
1306;267
1306;26
1307;267
1307;266
1308;267
1308;268
1309;267
1309;349
1310;268
1310;266
1311;268
1311;349
1312;268
1312;382
1313;268
1313;384
1314;268
1314;385
1315;269
1315;22
1316;269
1316;23
1317;269
1317;28
1318;269
1318;37
1319;269
1319;111
1320;270
1320;38
1321;270
1321;271
1322;270
1322;272
1323;270
1323;273
1324;270
1324;351
1325;271
1325;38
1326;271
1326;114
1327;271
1327;270
1328;271
1328;272
1329;271
1329;503
1330;273
1330;38
1331;273
1331;270
1332;273
1332;272
1333;273
1333;350
1334;273
1334;351
1335;274
1335;34
1336;274
1336;51
1337;274
1337;1120
1338;274
1338;1121
1339;274
1339;1122
1340;275
1340;34
1341;275
1341;52
1342;275
1342;276
1343;275
1343;278
1344;275
1344;352
1345;276
1345;34
1346;276
1346;52
1347;276
1347;275
1348;276
1348;352
1349;276
1349;667
1350;277
1350;34
1351;277
1351;52
1352;277
1352;275
1353;277
1353;276
1354;277
1354;278
1355;278
1355;34
1356;278
1356;52
1357;278
1357;275
1358;278
1358;352
1359;278
1359;668
1360;279
1360;669
1361;279
1361;670
1362;279
1362;671
1363;279
1363;672
1364;279
1364;673
1365;280
1365;294
1366;280
1366;674
1367;280
1367;675
1368;280
1368;676
1369;280
1369;677
1370;281
1370;67
1371;281
1371;867
1372;281
1372;1123
1373;281
1373;1124
1374;281
1374;1125
1375;282
1375;4
1376;282
1376;74
1377;282
1377;1126
1378;282
1378;1127
1379;282
1379;1128
1380;283
1380;76
1381;283
1381;284
1382;283
1382;1129
1383;283
1383;1130
1384;283
1384;1131
1385;284
1385;76
1386;284
1386;121
1387;284
1387;285
1388;284
1388;305
1389;284
1389;306
1390;285
1390;76
1391;285
1391;121
1392;285
1392;284
1393;285
1393;306
1394;285
1394;353
1395;286
1395;76
1396;286
1396;284
1397;286
1397;354
1398;286
1398;355
1399;286
1399;356
1400;288
1400;81
1401;288
1401;285
1402;288
1402;353
1403;288
1403;354
1404;288
1404;357
1405;290
1405;7
1406;290
1406;8
1407;290
1407;455
1408;290
1408;504
1409;290
1409;505
1410;291
1410;82
1411;291
1411;164
1412;291
1412;292
1413;291
1413;358
1414;291
1414;678
1415;292
1415;82
1416;292
1416;290
1417;292
1417;291
1418;292
1418;293
1419;292
1419;358
1420;293
1420;82
1421;293
1421;290
1422;293
1422;291
1423;293
1423;292
1424;293
1424;358
1425;294
1425;30
1426;294
1426;48
1427;294
1427;346
1428;294
1428;367
1429;294
1429;368
1430;295
1430;35
1431;295
1431;54
1432;295
1432;91
1433;295
1433;92
1434;295
1434;296
1435;296
1435;35
1436;296
1436;91
1437;296
1437;92
1438;296
1438;295
1439;296
1439;506
1440;298
1440;63
1441;298
1441;359
1442;298
1442;360
1443;298
1443;361
1444;298
1444;362
1445;299
1445;15
1446;299
1446;104
1447;299
1447;178
1448;299
1448;179
1449;299
1449;507
1450;301
1450;15
1451;301
1451;107
1452;301
1452;508
1453;301
1453;509
1454;301
1454;510
1455;302
1455;8
1456;302
1456;210
1457;302
1457;479
1458;302
1458;481
1459;302
1459;511
1460;303
1460;21
1461;303
1461;23
1462;303
1462;363
1463;303
1463;364
1464;303
1464;365
1465;305
1465;28
1466;305
1466;76
1467;305
1467;78
1468;305
1468;81
1469;305
1469;679
1470;306
1470;76
1471;306
1471;121
1472;306
1472;284
1473;306
1473;285
1474;306
1474;353
1475;307
1475;63
1476;307
1476;97
1477;307
1477;100
1478;307
1478;308
1479;307
1479;1132
1480;308
1480;63
1481;308
1481;99
1482;308
1482;100
1483;308
1483;307
1484;308
1484;366
1485;309
1485;29
1486;309
1486;143
1487;309
1487;145
1488;309
1488;147
1489;309
1489;310
1490;310
1490;145
1491;310
1491;147
1492;310
1492;1133
1493;310
1493;1134
1494;310
1494;1135
1495;311
1495;18
1496;311
1496;152
1497;311
1497;680
1498;311
1498;681
1499;311
1499;682
1500;313
1500;7
1501;313
1501;8
1502;313
1502;160
1503;313
1503;683
1504;313
1504;684
1505;314
1505;160
1506;314
1506;161
1507;314
1507;312
1508;314
1508;313
1509;314
1509;512
1510;315
1510;8
1511;315
1511;450
1512;315
1512;685
1513;315
1513;686
1514;315
1514;687
1515;316
1515;346
1516;316
1516;405
1517;316
1517;1136
1518;316
1518;1137
1519;316
1519;1138
1520;317
1520;987
1521;317
1521;1046
1522;317
1522;1047
1523;317
1523;1048
1524;317
1524;1049
1525;318
1525;346
1526;318
1526;367
1527;318
1527;368
1528;318
1528;369
1529;318
1529;370
1530;319
1530;111
1531;319
1531;158
1532;319
1532;181
1533;319
1533;1139
1534;319
1534;1140
1535;320
1535;98
1536;320
1536;118
1537;320
1537;119
1538;320
1538;184
1539;320
1539;185
1540;321
1540;78
1541;321
1541;113
1542;321
1542;128
1543;321
1543;187
1544;321
1544;322
1545;322
1545;23
1546;322
1546;78
1547;322
1547;187
1548;322
1548;321
1549;322
1549;1141
1550;324
1550;215
1551;324
1551;513
1552;324
1552;514
1553;324
1553;515
1554;324
1554;516
1555;325
1555;215
1556;325
1556;323
1557;325
1557;371
1558;325
1558;372
1559;325
1559;373
1560;326
1560;215
1561;326
1561;1142
1562;326
1562;1143
1563;326
1563;1144
1564;326
1564;1145
1565;327
1565;329
1566;327
1566;688
1567;327
1567;689
1568;327
1568;690
1569;327
1569;691
1570;329
1570;217
1571;329
1571;327
1572;329
1572;688
1573;329
1573;1146
1574;329
1574;1147
1575;330
1575;217
1576;330
1576;374
1577;330
1577;375
1578;330
1578;376
1579;330
1579;377
1580;331
1580;33
1581;331
1581;93
1582;331
1582;151
1583;331
1583;517
1584;331
1584;518
1585;332
1585;227
1586;332
1586;378
1587;332
1587;379
1588;332
1588;380
1589;332
1589;381
1590;333
1590;336
1591;333
1591;338
1592;333
1592;342
1593;333
1593;479
1594;333
1594;481
1595;334
1595;228
1596;334
1596;455
1597;334
1597;479
1598;334
1598;481
1599;334
1599;1148
1600;335
1600;230
1601;335
1601;337
1602;335
1602;1149
1603;335
1603;1150
1604;335
1604;1151
1605;336
1605;479
1606;336
1606;480
1607;336
1607;481
1608;336
1608;785
1609;336
1609;1152
1610;337
1610;303
1611;337
1611;1153
1612;337
1612;1154
1613;337
1613;1155
1614;337
1614;1156
1615;338
1615;333
1616;338
1616;336
1617;338
1617;479
1618;338
1618;1152
1619;338
1619;1157
1620;339
1620;223
1621;339
1621;238
1622;339
1622;239
1623;339
1623;519
1624;339
1624;520
1625;340
1625;692
1626;340
1626;693
1627;340
1627;694
1628;340
1628;695
1629;340
1629;696
1630;341
1630;521
1631;341
1631;522
1632;341
1632;523
1633;341
1633;524
1634;341
1634;525
1635;342
1635;479
1636;342
1636;481
1637;342
1637;696
1638;342
1638;885
1639;342
1639;1158
1640;343
1640;238
1641;343
1641;240
1642;343
1642;249
1643;343
1643;493
1644;343
1644;697
1645;344
1645;526
1646;344
1646;527
1647;344
1647;528
1648;344
1648;529
1649;344
1649;530
1650;345
1650;63
1651;345
1651;99
1652;345
1652;346
1653;345
1653;481
1654;345
1654;837
1655;346
1655;30
1656;346
1656;367
1657;346
1657;368
1658;346
1658;369
1659;346
1659;405
1660;347
1660;241
1661;347
1661;244
1662;347
1662;251
1663;347
1663;252
1664;347
1664;487
1665;348
1665;198
1666;348
1666;232
1667;348
1667;254
1668;348
1668;255
1669;348
1669;256
1670;349
1670;268
1671;349
1671;382
1672;349
1672;383
1673;349
1673;384
1674;349
1674;385
1675;350
1675;698
1676;350
1676;699
1677;350
1677;700
1678;350
1678;701
1679;350
1679;702
1680;352
1680;34
1681;352
1681;52
1682;352
1682;275
1683;352
1683;276
1684;352
1684;278
1685;353
1685;111
1686;353
1686;284
1687;353
1687;285
1688;353
1688;386
1689;353
1689;387
1690;354
1690;284
1691;354
1691;285
1692;354
1692;286
1693;354
1693;288
1694;354
1694;357
1695;355
1695;112
1696;355
1696;286
1697;355
1697;342
1698;355
1698;703
1699;355
1699;704
1700;356
1700;286
1701;356
1701;304
1702;356
1702;531
1703;356
1703;532
1704;356
1704;533
1705;357
1705;13
1706;357
1706;76
1707;357
1707;78
1708;357
1708;81
1709;357
1709;82
1710;358
1710;290
1711;358
1711;292
1712;358
1712;678
1713;358
1713;705
1714;358
1714;706
1715;359
1715;100
1716;359
1716;307
1717;359
1717;971
1718;359
1718;1043
1719;359
1719;1159
1720;360
1720;186
1721;360
1721;465
1722;360
1722;534
1723;360
1723;535
1724;360
1724;536
1725;361
1725;298
1726;361
1726;362
1727;361
1727;366
1728;361
1728;388
1729;361
1729;389
1730;362
1730;99
1731;362
1731;100
1732;362
1732;307
1733;362
1733;445
1734;362
1734;1160
1735;363
1735;707
1736;363
1736;708
1737;363
1737;709
1738;363
1738;710
1739;363
1739;711
1740;364
1740;303
1741;364
1741;365
1742;364
1742;390
1743;364
1743;391
1744;364
1744;392
1745;365
1745;303
1746;365
1746;364
1747;365
1747;390
1748;365
1748;391
1749;365
1749;392
1750;366
1750;63
1751;366
1751;98
1752;366
1752;99
1753;366
1753;100
1754;366
1754;279
1755;367
1755;30
1756;367
1756;49
1757;367
1757;346
1758;367
1758;368
1759;367
1759;369
1760;368
1760;30
1761;368
1761;156
1762;368
1762;346
1763;368
1763;367
1764;368
1764;393
1765;369
1765;346
1766;369
1766;367
1767;369
1767;368
1768;369
1768;394
1769;369
1769;395
1770;370
1770;346
1771;370
1771;367
1772;370
1772;368
1773;370
1773;396
1774;370
1774;397
1775;371
1775;325
1776;371
1776;717
1777;371
1777;893
1778;371
1778;1145
1779;371
1779;1161
1780;372
1780;67
1781;372
1781;366
1782;372
1782;398
1783;372
1783;399
1784;372
1784;400
1785;373
1785;712
1786;373
1786;713
1787;373
1787;714
1788;373
1788;715
1789;373
1789;716
1790;374
1790;317
1791;374
1791;330
1792;374
1792;717
1793;374
1793;718
1794;374
1794;719
1795;375
1795;217
1796;375
1796;323
1797;375
1797;330
1798;375
1798;374
1799;375
1799;401
1800;376
1800;112
1801;376
1801;537
1802;376
1802;538
1803;376
1803;539
1804;376
1804;540
1805;377
1805;330
1806;377
1806;720
1807;377
1807;721
1808;377
1808;722
1809;377
1809;723
1810;378
1810;332
1811;378
1811;379
1812;378
1812;594
1813;378
1813;724
1814;378
1814;725
1815;379
1815;332
1816;379
1816;378
1817;379
1817;785
1818;379
1818;900
1819;379
1819;1162
1820;380
1820;227
1821;380
1821;657
1822;380
1822;659
1823;380
1823;660
1824;380
1824;1163
1825;381
1825;332
1826;381
1826;854
1827;381
1827;1164
1828;381
1828;1165
1829;381
1829;1166
1830;382
1830;268
1831;382
1831;349
1832;382
1832;383
1833;382
1833;384
1834;382
1834;385
1835;383
1835;268
1836;383
1836;349
1837;383
1837;382
1838;383
1838;384
1839;383
1839;545
1840;384
1840;268
1841;384
1841;349
1842;384
1842;382
1843;384
1843;383
1844;384
1844;385
1845;385
1845;268
1846;385
1846;349
1847;385
1847;382
1848;385
1848;383
1849;385
1849;402
1850;386
1850;28
1851;386
1851;76
1852;386
1852;81
1853;386
1853;353
1854;386
1854;541
1855;387
1855;284
1856;387
1856;285
1857;387
1857;306
1858;387
1858;353
1859;387
1859;386
1860;388
1860;63
1861;388
1861;298
1862;388
1862;361
1863;388
1863;366
1864;388
1864;389
1865;389
1865;63
1866;389
1866;97
1867;389
1867;99
1868;389
1868;361
1869;389
1869;1167
1870;390
1870;303
1871;390
1871;364
1872;390
1872;365
1873;390
1873;391
1874;390
1874;392
1875;391
1875;303
1876;391
1876;364
1877;391
1877;365
1878;391
1878;403
1879;391
1879;404
1880;392
1880;303
1881;392
1881;364
1882;392
1882;365
1883;392
1883;390
1884;392
1884;391
1885;393
1885;294
1886;393
1886;346
1887;393
1887;367
1888;393
1888;368
1889;393
1889;412
1890;394
1890;346
1891;394
1891;367
1892;394
1892;368
1893;394
1893;369
1894;394
1894;395
1895;395
1895;294
1896;395
1896;346
1897;395
1897;367
1898;395
1898;369
1899;395
1899;394
1900;396
1900;346
1901;396
1901;370
1902;396
1902;405
1903;396
1903;406
1904;396
1904;407
1905;397
1905;346
1906;397
1906;367
1907;397
1907;368
1908;397
1908;369
1909;397
1909;411
1910;398
1910;346
1911;398
1911;372
1912;398
1912;542
1913;398
1913;543
1914;398
1914;544
1915;400
1915;372
1916;400
1916;399
1917;400
1917;1168
1918;400
1918;1169
1919;400
1919;1170
1920;401
1920;375
1921;401
1921;726
1922;401
1922;727
1923;401
1923;728
1924;401
1924;729
1925;402
1925;11
1926;402
1926;26
1927;402
1927;268
1928;402
1928;545
1929;402
1929;546
1930;403
1930;342
1931;403
1931;1171
1932;403
1932;1172
1933;403
1933;1173
1934;403
1934;1174
1935;404
1935;80
1936;404
1936;403
1937;404
1937;408
1938;404
1938;409
1939;404
1939;410
1940;405
1940;316
1941;405
1941;346
1942;405
1942;398
1943;405
1943;411
1944;405
1944;412
1945;406
1945;370
1946;406
1946;396
1947;406
1947;405
1948;406
1948;1175
1949;406
1949;1176
1950;407
1950;413
1951;407
1951;414
1952;407
1952;415
1953;407
1953;416
1954;407
1954;417
1955;408
1955;404
1956;408
1956;409
1957;408
1957;733
1958;408
1958;1177
1959;408
1959;1178
1960;409
1960;410
1961;409
1961;730
1962;409
1962;731
1963;409
1963;732
1964;409
1964;733
1965;410
1965;409
1966;410
1966;730
1967;410
1967;731
1968;410
1968;732
1969;410
1969;733
1970;411
1970;294
1971;411
1971;346
1972;411
1972;397
1973;411
1973;405
1974;411
1974;412
1975;412
1975;156
1976;412
1976;368
1977;412
1977;393
1978;412
1978;405
1979;412
1979;547
1980;413
1980;548
1981;413
1981;549
1982;413
1982;550
1983;413
1983;551
1984;413
1984;552
1985;414
1985;734
1986;414
1986;735
1987;414
1987;736
1988;414
1988;737
1989;414
1989;738
1990;415
1990;739
1991;415
1991;740
1992;415
1992;741
1993;415
1993;742
1994;415
1994;743
1995;416
1995;346
1996;416
1996;367
1997;416
1997;368
1998;416
1998;369
1999;416
1999;1179
2000;417
2000;744
2001;417
2001;745
2002;417
2002;746
2003;417
2003;747
2004;417
2004;748
2005;418
2005;64
2006;418
2006;65
2007;418
2007;66
2008;418
2008;419
2009;418
2009;553
2010;419
2010;65
2011;419
2011;66
2012;419
2012;418
2013;419
2013;553
2014;419
2014;554
2015;420
2015;33
2016;420
2016;94
2017;420
2017;95
2018;420
2018;1180
2019;420
2019;1181
2020;421
2020;37
2021;421
2021;78
2022;421
2022;319
2023;421
2023;555
2024;421
2024;556
2025;422
2025;77
2026;422
2026;237
2027;422
2027;355
2028;422
2028;1644
2029;422
2029;1645
2030;423
2030;77
2031;423
2031;424
2032;423
2032;557
2033;423
2033;558
2034;423
2034;559
2035;424
2035;77
2036;424
2036;423
2037;424
2037;425
2038;424
2038;557
2039;424
2039;558
2040;425
2040;77
2041;425
2041;423
2042;425
2042;424
2043;425
2043;557
2044;425
2044;558
2045;426
2045;80
2046;426
2046;512
2047;426
2047;1646
2048;426
2048;1647
2049;426
2049;1648
2050;427
2050;18
2051;427
2051;84
2052;427
2052;167
2053;427
2053;749
2054;427
2054;750
2055;428
2055;84
2056;428
2056;966
2057;428
2057;1040
2058;428
2058;1649
2059;428
2059;1650
2060;429
2060;33
2061;429
2061;56
2062;429
2062;93
2063;429
2063;94
2064;429
2064;95
2065;430
2065;97
2066;430
2066;100
2067;430
2067;307
2068;430
2068;751
2069;430
2069;752
2070;431
2070;4
2071;431
2071;19
2072;431
2072;75
2073;431
2073;109
2074;431
2074;110
2075;432
2075;114
2076;432
2076;435
2077;432
2077;754
2078;432
2078;755
2079;432
2079;756
2080;433
2080;114
2081;433
2081;432
2082;433
2082;434
2083;433
2083;435
2084;433
2084;756
2085;434
2085;38
2086;434
2086;114
2087;434
2087;270
2088;434
2088;433
2089;434
2089;753
2090;435
2090;432
2091;435
2091;754
2092;435
2092;755
2093;435
2093;756
2094;435
2094;757
2095;436
2095;1241
2096;436
2096;1322
2097;436
2097;1651
2098;436
2098;1652
2099;436
2099;1653
2100;437
2100;120
2101;437
2101;438
2102;437
2102;758
2103;437
2103;759
2104;437
2104;760
2105;438
2105;120
2106;438
2106;437
2107;438
2107;439
2108;438
2108;560
2109;438
2109;761
2110;439
2110;120
2111;439
2111;438
2112;439
2112;560
2113;439
2113;561
2114;439
2114;562
2115;440
2115;108
2116;440
2116;124
2117;440
2117;126
2118;440
2118;127
2119;440
2119;762
2120;441
2120;128
2121;441
2121;129
2122;441
2122;130
2123;441
2123;1654
2124;441
2124;1655
2125;442
2125;1656
2126;442
2126;1657
2127;442
2127;1658
2128;442
2128;1659
2129;442
2129;1660
2130;443
2130;29
2131;443
2131;143
2132;443
2132;763
2133;443
2133;764
2134;443
2134;765
2135;444
2135;29
2136;444
2136;143
2137;444
2137;144
2138;444
2138;309
2139;444
2139;603
2140;445
2140;18
2141;445
2141;21
2142;445
2142;22
2143;445
2143;27
2144;445
2144;1661
2145;446
2145;148
2146;446
2146;210
2147;446
2147;563
2148;446
2148;564
2149;446
2149;565
2150;447
2150;151
2151;447
2151;331
2152;447
2152;517
2153;447
2153;518
2154;447
2154;1662
2155;448
2155;151
2156;448
2156;429
2157;448
2157;449
2158;448
2158;766
2159;448
2159;767
2160;449
2160;33
2161;449
2161;151
2162;449
2162;1241
2163;449
2163;1663
2164;449
2164;1664
2165;450
2165;8
2166;450
2166;158
2167;450
2167;768
2168;450
2168;1182
2169;450
2169;1183
2170;451
2170;13
2171;451
2171;23
2172;451
2172;78
2173;451
2173;158
2174;451
2174;768
2175;452
2175;158
2176;452
2176;450
2177;452
2177;1184
2178;452
2178;1185
2179;452
2179;1186
2180;453
2180;158
2181;453
2181;1187
2182;453
2182;1188
2183;453
2183;1189
2184;453
2184;1190
2185;454
2185;8
2186;454
2186;164
2187;454
2187;290
2188;454
2188;455
2189;454
2189;479
2190;455
2190;21
2191;455
2191;22
2192;455
2192;23
2193;455
2193;28
2194;455
2194;164
2195;456
2195;82
2196;456
2196;164
2197;456
2197;1191
2198;456
2198;1192
2199;456
2199;1193
2200;457
2200;165
2201;457
2201;167
2202;457
2202;1039
2203;457
2203;1194
2204;457
2204;1195
2205;458
2205;167
2206;458
2206;512
2207;458
2207;566
2208;458
2208;567
2209;458
2209;568
2210;459
2210;169
2211;459
2211;1665
2212;459
2212;1666
2213;459
2213;1667
2214;459
2214;1668
2215;460
2215;172
2216;460
2216;318
2217;460
2217;346
2218;460
2218;461
2219;460
2219;1669
2220;461
2220;48
2221;461
2221;90
2222;461
2222;172
2223;461
2223;460
2224;461
2224;1196
2225;462
2225;99
2226;462
2226;176
2227;462
2227;463
2228;462
2228;569
2229;462
2229;1670
2230;463
2230;99
2231;463
2231;176
2232;463
2232;462
2233;463
2233;569
2234;463
2234;570
2235;464
2235;186
2236;464
2236;465
2237;464
2237;769
2238;464
2238;770
2239;464
2239;771
2240;465
2240;186
2241;465
2241;464
2242;465
2242;466
2243;465
2243;534
2244;465
2244;827
2245;466
2245;465
2246;466
2246;534
2247;466
2247;584
2248;466
2248;1197
2249;466
2249;1198
2250;467
2250;190
2251;467
2251;194
2252;467
2252;772
2253;467
2253;773
2254;467
2254;774
2255;468
2255;190
2256;468
2256;775
2257;468
2257;776
2258;468
2258;777
2259;468
2259;778
2260;469
2260;190
2261;469
2261;194
2262;469
2262;774
2263;469
2263;1199
2264;469
2264;1200
2265;470
2265;93
2266;470
2266;194
2267;470
2267;471
2268;470
2268;1201
2269;470
2269;1202
2270;471
2270;194
2271;471
2271;470
2272;471
2272;472
2273;471
2273;571
2274;471
2274;572
2275;472
2275;471
2276;472
2276;571
2277;472
2277;572
2278;472
2278;599
2279;472
2279;1203
2280;473
2280;13
2281;473
2281;23
2282;473
2282;78
2283;473
2283;555
2284;473
2284;1204
2285;475
2285;216
2286;475
2286;217
2287;475
2287;573
2288;475
2288;574
2289;475
2289;575
2290;476
2290;84
2291;476
2291;216
2292;476
2292;427
2293;476
2293;819
2294;476
2294;1671
2295;477
2295;779
2296;477
2296;780
2297;477
2297;781
2298;477
2298;782
2299;477
2299;783
2300;479
2300;8
2301;479
2301;454
2302;479
2302;480
2303;479
2303;481
2304;479
2304;784
2305;480
2305;8
2306;480
2306;138
2307;480
2307;479
2308;480
2308;481
2309;480
2309;785
2310;481
2310;18
2311;481
2311;21
2312;481
2312;342
2313;481
2313;1241
2314;481
2314;1672
2315;482
2315;10
2316;482
2316;231
2317;482
2317;481
2318;482
2318;1035
2319;482
2319;1079
2320;483
2320;231
2321;483
2321;480
2322;483
2322;481
2323;483
2323;482
2324;483
2324;1673
2325;484
2325;99
2326;484
2326;445
2327;484
2327;1205
2328;484
2328;1206
2329;484
2329;1207
2330;485
2330;223
2331;485
2331;238
2332;485
2332;239
2333;485
2333;240
2334;485
2334;663
2335;487
2335;251
2336;487
2336;252
2337;487
2337;1674
2338;487
2338;1675
2339;487
2339;1676
2340;488
2340;243
2341;488
2341;489
2342;488
2342;490
2343;488
2343;576
2344;488
2344;577
2345;489
2345;33
2346;489
2346;243
2347;489
2347;577
2348;489
2348;821
2349;489
2349;822
2350;490
2350;33
2351;490
2351;243
2352;490
2352;488
2353;490
2353;489
2354;490
2354;821
2355;491
2355;150
2356;491
2356;204
2357;491
2357;246
2358;491
2358;1208
2359;491
2359;1209
2360;492
2360;204
2361;492
2361;206
2362;492
2362;661
2363;492
2363;1210
2364;492
2364;1211
2365;493
2365;249
2366;493
2366;343
2367;493
2367;1677
2368;493
2368;1678
2369;493
2369;1679
2370;494
2370;241
2371;494
2371;244
2372;494
2372;250
2373;494
2373;252
2374;494
2374;578
2375;495
2375;204
2376;495
2376;247
2377;495
2377;257
2378;495
2378;1680
2379;495
2379;1681
2380;496
2380;204
2381;496
2381;258
2382;496
2382;499
2383;496
2383;579
2384;496
2384;580
2385;497
2385;1212
2386;497
2386;1213
2387;497
2387;1214
2388;497
2388;1215
2389;497
2389;1216
2390;498
2390;786
2391;498
2391;787
2392;498
2392;788
2393;499
2393;258
2394;499
2394;496
2395;499
2395;579
2396;499
2396;580
2397;499
2397;1217
2398;500
2398;11
2399;500
2399;268
2400;500
2400;501
2401;500
2401;1682
2402;500
2402;1683
2403;501
2403;11
2404;501
2404;268
2405;501
2405;349
2406;501
2406;384
2407;501
2407;402
2408;502
2408;266
2409;502
2409;1218
2410;502
2410;1219
2411;502
2411;1220
2412;502
2412;1221
2413;503
2413;114
2414;503
2414;271
2415;503
2415;1222
2416;503
2416;1223
2417;503
2417;1224
2418;504
2418;7
2419;504
2419;8
2420;504
2420;290
2421;504
2421;455
2422;504
2422;505
2423;505
2423;290
2424;505
2424;479
2425;505
2425;504
2426;505
2426;1025
2427;505
2427;1684
2428;506
2428;35
2429;506
2429;53
2430;506
2430;54
2431;506
2431;60
2432;506
2432;163
2433;507
2433;299
2434;507
2434;421
2435;507
2435;1685
2436;507
2436;1686
2437;507
2437;1687
2438;508
2438;15
2439;508
2439;107
2440;508
2440;301
2441;508
2441;509
2442;508
2442;510
2443;509
2443;15
2444;509
2444;107
2445;509
2445;301
2446;509
2446;508
2447;509
2447;510
2448;510
2448;107
2449;510
2449;301
2450;510
2450;508
2451;510
2451;509
2452;510
2452;581
2453;511
2453;80
2454;511
2454;302
2455;511
2455;1688
2456;511
2456;1689
2457;511
2457;1690
2458;512
2458;33
2459;512
2459;95
2460;512
2460;160
2461;512
2461;479
2462;512
2462;789
2463;513
2463;324
2464;513
2464;790
2465;513
2465;976
2466;513
2466;1691
2467;513
2467;1692
2468;514
2468;324
2469;514
2469;330
2470;514
2470;717
2471;514
2471;790
2472;514
2472;791
2473;515
2473;324
2474;515
2474;513
2475;515
2475;516
2476;515
2476;1693
2477;515
2477;1694
2478;516
2478;324
2479;516
2479;513
2480;516
2480;515
2481;516
2481;1693
2482;516
2482;1695
2483;517
2483;33
2484;517
2484;151
2485;517
2485;331
2486;517
2486;447
2487;517
2487;518
2488;518
2488;93
2489;518
2489;151
2490;518
2490;429
2491;518
2491;447
2492;518
2492;517
2493;519
2493;238
2494;519
2494;339
2495;519
2495;520
2496;519
2496;792
2497;519
2497;793
2498;520
2498;238
2499;520
2499;339
2500;520
2500;519
2501;520
2501;582
2502;520
2502;583
2503;521
2503;341
2504;521
2504;522
2505;521
2505;524
2506;521
2506;525
2507;521
2507;794
2508;522
2508;341
2509;522
2509;524
2510;522
2510;525
2511;522
2511;794
2512;522
2512;798
2513;523
2513;341
2514;523
2514;524
2515;523
2515;525
2516;523
2516;794
2517;523
2517;795
2518;524
2518;522
2519;524
2519;794
2520;524
2520;796
2521;524
2521;797
2522;524
2522;798
2523;525
2523;238
2524;525
2524;524
2525;525
2525;794
2526;525
2526;795
2527;525
2527;1696
2528;526
2528;344
2529;526
2529;527
2530;526
2530;528
2531;526
2531;529
2532;526
2532;799
2533;527
2533;346
2534;527
2534;529
2535;527
2535;909
2536;527
2536;1225
2537;527
2537;1226
2538;528
2538;344
2539;528
2539;526
2540;528
2540;527
2541;528
2541;529
2542;528
2542;800
2543;529
2543;344
2544;529
2544;526
2545;529
2545;527
2546;529
2546;799
2547;529
2547;801
2548;530
2548;908
2549;530
2549;909
2550;530
2550;1227
2551;530
2551;1228
2552;530
2552;1229
2553;531
2553;356
2554;531
2554;532
2555;531
2555;533
2556;531
2556;1230
2557;531
2557;1231
2558;533
2558;356
2559;533
2559;531
2560;533
2560;532
2561;533
2561;1232
2562;533
2562;1233
2563;534
2563;63
2564;534
2564;98
2565;534
2565;465
2566;534
2566;466
2567;534
2567;584
2568;535
2568;465
2569;535
2569;534
2570;535
2570;536
2571;535
2571;584
2572;535
2572;585
2573;536
2573;186
2574;536
2574;465
2575;536
2575;534
2576;536
2576;585
2577;536
2577;827
2578;537
2578;376
2579;537
2579;538
2580;537
2580;540
2581;537
2581;586
2582;537
2582;587
2583;538
2583;376
2584;538
2584;537
2585;538
2585;540
2586;538
2586;586
2587;538
2587;587
2588;539
2588;376
2589;539
2589;537
2590;539
2590;538
2591;539
2591;540
2592;539
2592;1697
2593;540
2593;111
2594;540
2594;181
2595;540
2595;330
2596;540
2596;1234
2597;540
2597;1235
2598;541
2598;802
2599;541
2599;803
2600;541
2600;804
2601;541
2601;805
2602;541
2602;806
2603;542
2603;367
2604;542
2604;372
2605;542
2605;398
2606;542
2606;543
2607;542
2607;544
2608;543
2608;372
2609;543
2609;398
2610;543
2610;542
2611;543
2611;544
2612;543
2612;1236
2613;544
2613;372
2614;544
2614;398
2615;544
2615;542
2616;544
2616;543
2617;544
2617;1237
2618;545
2618;11
2619;545
2619;268
2620;545
2620;402
2621;545
2621;1698
2622;545
2622;1699
2623;546
2623;11
2624;546
2624;349
2625;546
2625;382
2626;546
2626;384
2627;546
2627;402
2628;547
2628;156
2629;547
2629;346
2630;547
2630;368
2631;547
2631;397
2632;547
2632;412
2633;548
2633;413
2634;548
2634;551
2635;548
2635;589
2636;548
2636;1243
2637;548
2637;1245
2638;549
2638;413
2639;549
2639;548
2640;549
2640;550
2641;549
2641;552
2642;549
2642;588
2643;550
2643;413
2644;550
2644;548
2645;550
2645;549
2646;550
2646;551
2647;550
2647;807
2648;551
2648;413
2649;551
2649;548
2650;551
2650;550
2651;551
2651;807
2652;551
2652;808
2653;552
2653;548
2654;552
2654;588
2655;552
2655;589
2656;552
2656;590
2657;552
2657;591
2658;553
2658;63
2659;553
2659;98
2660;553
2660;99
2661;553
2661;388
2662;553
2662;1700
2663;554
2663;63
2664;554
2664;64
2665;554
2665;65
2666;554
2666;66
2667;554
2667;1701
2668;555
2668;1702
2669;555
2669;1703
2670;555
2670;1704
2671;555
2671;1705
2672;555
2672;1706
2673;556
2673;13
2674;556
2674;28
2675;556
2675;78
2676;556
2676;1238
2677;556
2677;1239
2678;557
2678;423
2679;557
2679;424
2680;557
2680;558
2681;557
2681;559
2682;557
2682;1240
2683;558
2683;81
2684;558
2684;82
2685;558
2685;164
2686;558
2686;423
2687;558
2687;424
2688;559
2688;423
2689;559
2689;424
2690;559
2690;557
2691;559
2691;558
2692;559
2692;1240
2693;560
2693;120
2694;560
2694;438
2695;560
2695;439
2696;560
2696;561
2697;560
2697;814
2698;561
2698;411
2699;561
2699;809
2700;561
2700;810
2701;561
2701;811
2702;561
2702;812
2703;562
2703;439
2704;562
2704;561
2705;562
2705;761
2706;562
2706;813
2707;562
2707;814
